90
91
92
93
94
96
97
98
100
101
102
103
105
106
107
109
110
111
113
114
115
117
118
120
121
122
124
125
126
128
129
131
132
133
135
136
138
139
140
142
143
145
146
147
149
150
152
153
154
156
157
158
160
161
162
164
165
166
167
168
169
170
170
171
171
171
170
170
169
168
167
166
165
164
162
161
160
158
157
156
154
153
152
150
149
147
146
145
143
142
140
139
138
136
135
133
132
131
129
128
126
125
124
122
121
120
118
117
115
114
113
111
110
109
107
106
105
103
102
101
100
98
97
96
94
93
92
91
90
88
87
86
85
83
82
81
80
79
78
77
75
74
73
72
71
70
69
68
67
66
65
64
63
62
61
60
59
58
57
56
55
55
54
53
52
51
51
50
49
49
48
47
47
46
46
45
44
44
44
43
43
42
42
42
41
41
41
41
41
40
40
40
40
40
40
40
41
41
41
41
41
42
42
42
43
43
44
44
44
45
46
46
47
47
48
49
49
50
51
51
52
53
54
55
55
56
57
58
59
60
61
62
63
64
65
66
67
68
69
70
71
72
73
74
75
77
78
79
80
81
82
83
85
86
87
88
